  6       2 8 9   
  4   6       1 5 
        1   2     
    8     6       
      4   7       
      9     6     
    9   4         
8 2       1   5   
  1 7 8       4   

-----------------
  6       2 8 9   
  4   6       1 5 
        1   2     
    8     6       
      4   7       
      9     6     
    9   4         
8 2       1   5   
  1 7 8       4   

-----------------
  6       2 8 9   
  4   6       1 5 
        1   2     
    8     6       
      4   7       
      9     6     
    9   4         
8 2       1   5   
  1 7 8       4   

-----------------
  6       2 8 9   
  4   6       1 5 
        1   2     
    8     6       
      4   7       
      9     6     
    9   4         
8 2       1   5   
  1 7 8       4   

-----------------
  6       2 8 9   
  4   6       1 5 
        1   2     
    8     6       
      4   7       
      9     6     
    9   4         
8 2       1   5   
  1 7 8       4   

-----------------
  6       2 8 9   
  4   6       1 5 
        1 4 2     
    8     6       
      4   7       
      9     6     
    9   4         
8 2       1   5   
  1 7 8       4   

-----------------
  6       2 8 9   
  4   6       1 5 
        1   2     
    8     6       
      4   7       
      9     6     
    9   4         
8 2       1   5   
  1 7 8       4   

-----------------
  6       2 8 9   
  4   6       1 5 
        1   2     
    8     6       
      4   7       
      9     6     
    9   4         
8 2       1   5   
  1 7 8       4   

-----------------
  6       2 8 9   
  4   6       1 5 
        1   2     
    8     6       
      4   7       
      9     6     
    9   4         
8 2       1   5   
  1 7 8       4   

-----------------
